,learning_gain,perceivedLearning1,easeOfConversating1,adaptingToNeeds1,mentalEffort,evt_mean,chat_duration_min,freeTextWordCount,confidence
learning_gain,1.0,0.078,0.069,-0.047,-0.104,-0.205,0.023,0.0,0.224
perceivedLearning1,0.078,1.0,0.544,0.729,0.486,0.28,0.269,0.177,-0.075
easeOfConversating1,0.069,0.544,1.0,0.698,0.111,0.112,0.23,0.117,-0.089
adaptingToNeeds1,-0.047,0.729,0.698,1.0,0.331,0.21,0.26,0.182,-0.051
mentalEffort,-0.104,0.486,0.111,0.331,1.0,0.314,0.011,0.165,-0.063
evt_mean,-0.205,0.28,0.112,0.21,0.314,1.0,-0.007,0.286,0.559
chat_duration_min,0.023,0.269,0.23,0.26,0.011,-0.007,1.0,0.282,-0.014
freeTextWordCount,0.0,0.177,0.117,0.182,0.165,0.286,0.282,1.0,0.176
confidence,0.224,-0.075,-0.089,-0.051,-0.063,0.559,-0.014,0.176,1.0
