,learning_gain,perceivedLearning1,easeOfConversating1,adaptingToNeeds1,mentalEffort,evt_mean,chat_duration_min,freeTextWordCount,confidence
learning_gain,1.0,-0.058,0.152,-0.003,-0.091,-0.363,0.072,0.041,0.206
perceivedLearning1,-0.058,1.0,0.672,0.75,0.369,0.218,0.479,0.101,-0.042
easeOfConversating1,0.152,0.672,1.0,0.837,0.055,0.063,0.39,0.233,0.051
adaptingToNeeds1,-0.003,0.75,0.837,1.0,0.374,0.089,0.41,0.141,-0.094
mentalEffort,-0.091,0.369,0.055,0.374,1.0,0.268,0.374,0.043,-0.099
evt_mean,-0.363,0.218,0.063,0.089,0.268,1.0,0.168,0.14,0.47
chat_duration_min,0.072,0.479,0.39,0.41,0.374,0.168,1.0,0.284,0.119
freeTextWordCount,0.041,0.101,0.233,0.141,0.043,0.14,0.284,1.0,0.07
confidence,0.206,-0.042,0.051,-0.094,-0.099,0.47,0.119,0.07,1.0
