,learning_gain,perceivedLearning1,easeOfConversating1,adaptingToNeeds1,mentalEffort,evt_mean,chat_duration_min,freeTextWordCount,confidence
learning_gain,1.0,-0.059,0.128,-0.004,-0.071,-0.362,0.06,0.024,0.16
perceivedLearning1,-0.059,1.0,0.662,0.752,0.365,0.193,0.464,0.104,-0.055
easeOfConversating1,0.128,0.662,1.0,0.82,0.028,0.127,0.377,0.265,0.073
adaptingToNeeds1,-0.004,0.752,0.82,1.0,0.368,0.081,0.397,0.145,-0.098
mentalEffort,-0.071,0.365,0.028,0.368,1.0,0.141,0.325,0.008,-0.179
evt_mean,-0.362,0.193,0.127,0.081,0.141,1.0,0.209,0.199,0.549
chat_duration_min,0.06,0.464,0.377,0.397,0.325,0.209,1.0,0.294,0.169
freeTextWordCount,0.024,0.104,0.265,0.145,0.008,0.199,0.294,1.0,0.117
confidence,0.16,-0.055,0.073,-0.098,-0.179,0.549,0.169,0.117,1.0
