,learning_gain,perceivedLearning1,easeOfConversating1,adaptingToNeeds1,mentalEffort,evt_mean,chat_duration_min,freeTextWordCount,confidence
learning_gain,1.0,-0.029,0.138,-0.0,-0.023,-0.336,0.061,0.033,0.162
perceivedLearning1,-0.029,1.0,0.686,0.751,0.372,0.247,0.41,0.065,-0.068
easeOfConversating1,0.138,0.686,1.0,0.823,0.046,0.177,0.335,0.217,0.053
adaptingToNeeds1,-0.0,0.751,0.823,1.0,0.338,0.115,0.367,0.109,-0.111
mentalEffort,-0.023,0.372,0.046,0.338,1.0,0.145,0.318,0.045,-0.149
evt_mean,-0.336,0.247,0.177,0.115,0.145,1.0,0.177,0.157,0.516
chat_duration_min,0.061,0.41,0.335,0.367,0.318,0.177,1.0,0.311,0.179
freeTextWordCount,0.033,0.065,0.217,0.109,0.045,0.157,0.311,1.0,0.134
confidence,0.162,-0.068,0.053,-0.111,-0.149,0.516,0.179,0.134,1.0
