,learning_gain,perceivedLearning1,easeOfConversating1,adaptingToNeeds1,mentalEffort,evt_mean,chat_duration_min,freeTextWordCount,confidence
learning_gain,1.0,0.149,0.112,0.002,-0.146,-0.148,0.027,0.05,0.193
perceivedLearning1,0.149,1.0,0.579,0.716,0.408,0.312,0.255,0.17,-0.064
easeOfConversating1,0.112,0.579,1.0,0.693,0.066,0.173,0.21,0.094,-0.059
adaptingToNeeds1,0.002,0.716,0.693,1.0,0.247,0.266,0.231,0.201,-0.034
mentalEffort,-0.146,0.408,0.066,0.247,1.0,0.231,0.027,0.112,-0.065
evt_mean,-0.148,0.312,0.173,0.266,0.231,1.0,-0.029,0.279,0.555
chat_duration_min,0.027,0.255,0.21,0.231,0.027,-0.029,1.0,0.267,-0.023
freeTextWordCount,0.05,0.17,0.094,0.201,0.112,0.279,0.267,1.0,0.146
confidence,0.193,-0.064,-0.059,-0.034,-0.065,0.555,-0.023,0.146,1.0
