,learning_gain,perceivedLearning1,easeOfConversating1,adaptingToNeeds1,mentalEffort,evt_mean,chat_duration_min,freeTextWordCount,confidence
learning_gain,1.0,0.134,0.094,-0.01,-0.16,-0.163,0.017,0.035,0.176
perceivedLearning1,0.134,1.0,0.588,0.721,0.421,0.329,0.265,0.186,-0.044
easeOfConversating1,0.094,0.588,1.0,0.698,0.091,0.199,0.222,0.115,-0.035
adaptingToNeeds1,-0.01,0.721,0.698,1.0,0.263,0.284,0.24,0.216,-0.016
mentalEffort,-0.16,0.421,0.091,0.263,1.0,0.256,0.042,0.133,-0.04
evt_mean,-0.163,0.329,0.199,0.284,0.256,1.0,-0.009,0.299,0.566
chat_duration_min,0.017,0.265,0.222,0.24,0.042,-0.009,1.0,0.277,-0.009
freeTextWordCount,0.035,0.186,0.115,0.216,0.133,0.299,0.277,1.0,0.163
confidence,0.176,-0.044,-0.035,-0.016,-0.04,0.566,-0.009,0.163,1.0
